VOCdevkit/VOC2007/JPEGImages/IMG_20210226_144731.jpg 1,1260,2045,2391,1
VOCdevkit/VOC2007/JPEGImages/IMG_20210226_144731_1.jpg 1,1296,1919,2343,1
VOCdevkit/VOC2007/JPEGImages/IMG_20210226_144828.jpg 1,1500,2050,2613,1
VOCdevkit/VOC2007/JPEGImages/IMG_20210226_144836.jpg 1,1378,2037,2352,1
VOCdevkit/VOC2007/JPEGImages/IMG_20210226_144837.jpg 1,1310,2024,2426,1
VOCdevkit/VOC2007/JPEGImages/IMG_20210226_144839.jpg 1,1383,2093,2478,1
VOCdevkit/VOC2007/JPEGImages/IMG_20210226_144840.jpg 1,1352,2171,2509,1
VOCdevkit/VOC2007/JPEGImages/IMG_20210226_144842.jpg 1,1325,2211,2600,1
VOCdevkit/VOC2007/JPEGImages/IMG_20210226_144844.jpg 1,1448,2176,2665,1
VOCdevkit/VOC2007/JPEGImages/IMG_20210226_144845.jpg 1,1498,2011,2613,1
VOCdevkit/VOC2007/JPEGImages/IMG_20210226_144847.jpg 1,1421,1902,2417,1
VOCdevkit/VOC2007/JPEGImages/IMG_20210226_144848.jpg 1,1472,1911,2387,1
VOCdevkit/VOC2007/JPEGImages/IMG_20210226_144850.jpg 1,1431,1937,2396,1
VOCdevkit/VOC2007/JPEGImages/IMG_20210226_144851.jpg 1,1449,2180,2522,1
VOCdevkit/VOC2007/JPEGImages/IMG_20210226_144853.jpg 1,1289,2258,2396,1
VOCdevkit/VOC2007/JPEGImages/IMG_20210226_144854.jpg 1,1278,2358,2496,1
VOCdevkit/VOC2007/JPEGImages/IMG_20210226_144856.jpg 1,1225,2176,2369,1
VOCdevkit/VOC2007/JPEGImages/IMG_20210226_144931.jpg 11,1539,2045,2474,1
VOCdevkit/VOC2007/JPEGImages/IMG_20210226_144933.jpg 1,1492,2167,2474,1
VOCdevkit/VOC2007/JPEGImages/IMG_20210226_144934.jpg 1,1369,2363,2469,1
VOCdevkit/VOC2007/JPEGImages/IMG_20210226_144936.jpg 1,1453,2489,2630,1
VOCdevkit/VOC2007/JPEGImages/IMG_20210226_144937.jpg 1,1596,2493,2491,1
VOCdevkit/VOC2007/JPEGImages/IMG_20210226_144938.jpg 1,1446,2263,2561,1 202,1248,484,1526,0
VOCdevkit/VOC2007/JPEGImages/IMG_20210226_144940.jpg 106,1417,2145,2322,1
VOCdevkit/VOC2007/JPEGImages/IMG_20210226_144941.jpg 254,1604,2141,2348,1
VOCdevkit/VOC2007/JPEGImages/IMG_20210226_144943.jpg 263,1556,2202,2382,1
VOCdevkit/VOC2007/JPEGImages/IMG_20210226_144946.jpg 1188,444,3340,1322,1 1691,360,1888,596,0
VOCdevkit/VOC2007/JPEGImages/IMG_20210226_144948.jpg 1372,609,3485,1483,1 1969,460,2195,693,0
VOCdevkit/VOC2007/JPEGImages/IMG_20210226_144949.jpg 1585,612,3785,1460,1 2246,473,2469,770,0
VOCdevkit/VOC2007/JPEGImages/IMG_20210226_144951.jpg 1598,731,3572,1605,1 2227,583,2475,793,0
VOCdevkit/VOC2007/JPEGImages/IMG_20210226_144952.jpg 1659,373,3807,1280,1 2385,199,2611,454,0
VOCdevkit/VOC2007/JPEGImages/IMG_20210226_144954.jpg 1427,573,3543,1431,1 1949,496,2201,725,0
VOCdevkit/VOC2007/JPEGImages/IMG_20210226_144956.jpg 991,441,3133,1331,1 1524,405,1688,728,0
VOCdevkit/VOC2007/JPEGImages/IMG_20210226_144957.jpg 669,344,2791,1386,1 1175,396,1391,760,0
VOCdevkit/VOC2007/JPEGImages/IMG_20210226_144959.jpg 420,412,2591,1476,1 1033,486,1195,822,0
VOCdevkit/VOC2007/JPEGImages/IMG_20210226_145001.jpg 182,405,2291,1412,1 798,399,962,705,0
VOCdevkit/VOC2007/JPEGImages/IMG_20210226_145002.jpg 256,1,1438,1812,1 253,680,591,931,0
VOCdevkit/VOC2007/JPEGImages/IMG_20210226_145006.jpg 1176,1447,3000,2287,1 1906,1161,2089,1500,0
VOCdevkit/VOC2007/JPEGImages/IMG_20210226_145007.jpg 971,1494,3000,2365,1 1806,1117,2041,1548,0
VOCdevkit/VOC2007/JPEGImages/IMG_20210226_145009.jpg 598,1443,3000,2478,1 1624,1035,1924,1496,0
VOCdevkit/VOC2007/JPEGImages/IMG_20210226_145011.jpg 1219,1903,3000,2669,1 1815,1561,2054,1861,0
VOCdevkit/VOC2007/JPEGImages/IMG_20210226_145012.jpg 1311,1503,3000,2152,1 1963,1143,2211,1461,0
VOCdevkit/VOC2007/JPEGImages/IMG_20210226_145014.jpg 789,1462,3000,2178,1 1454,1100,1650,1430,0
VOCdevkit/VOC2007/JPEGImages/IMG_20210226_145015.jpg 745,1658,3000,2504,1 1441,1387,1619,1709,0
VOCdevkit/VOC2007/JPEGImages/IMG_20210226_145017.jpg 389,1722,2967,2713,1 1224,1430,1398,1839,0
VOCdevkit/VOC2007/JPEGImages/IMG_20210226_145018.jpg 698,1591,2954,2526,1 1419,1430,1628,1765,0
VOCdevkit/VOC2007/JPEGImages/IMG_20210226_145020.jpg 1050,1344,3000,2500,1 1636,1456,1871,1765,0
VOCdevkit/VOC2007/JPEGImages/IMG_20210226_145021.jpg 867,1809,3000,2582,1 1571,1426,1828,1809,0
VOCdevkit/VOC2007/JPEGImages/IMG_20210226_145023.jpg 932,1816,3000,2635,1 1584,1509,1837,1826,0
VOCdevkit/VOC2007/JPEGImages/IMG_20210226_145024.jpg 819,1809,2928,2530,1 1480,1530,1719,1822,0
VOCdevkit/VOC2007/JPEGImages/IMG_20210226_145026.jpg 780,1722,2824,2535,1 1450,1509,1641,1826,0
VOCdevkit/VOC2007/JPEGImages/IMG_20210226_145027.jpg 676,1778,2819,2596,1 1463,1530,1719,1865,0
VOCdevkit/VOC2007/JPEGImages/IMG_20210226_145029.jpg 563,1591,2811,2561,1
VOCdevkit/VOC2007/JPEGImages/IMG_20210226_145031.jpg 567,1522,2611,2509,1 1224,1300,1515,1665,0
VOCdevkit/VOC2007/JPEGImages/IMG_20210226_145032.jpg 467,1304,2550,2304,1 1167,1226,1328,1574,0
VOCdevkit/VOC2007/JPEGImages/IMG_20210226_145034.jpg 493,1417,2737,2522,1 1332,1361,1537,1717,0
VOCdevkit/VOC2007/JPEGImages/IMG_20210226_145035.jpg 550,1365,2758,2500,1
VOCdevkit/VOC2007/JPEGImages/IMG_20210226_145037.jpg 354,1226,2858,2461,1
VOCdevkit/VOC2007/JPEGImages/IMG_20210226_145038.jpg 628,1491,2802,2591,1 1441,1391,1667,1722,0
VOCdevkit/VOC2007/JPEGImages/IMG_20210226_145040.jpg 1311,1013,2971,2248,1 1993,1078,2228,1513,0
VOCdevkit/VOC2007/JPEGImages/IMG_20210226_145042.jpg 1415,1869,2498,3978,1 2141,2509,2519,2756,0
VOCdevkit/VOC2007/JPEGImages/IMG_20210226_145043.jpg 1288,647,3717,1689,1 1985,635,2153,973,0
VOCdevkit/VOC2007/JPEGImages/IMG_20210226_145045.jpg 1256,1115,3378,1870,1 1849,918,2043,1218,0
VOCdevkit/VOC2007/JPEGImages/IMG_20210226_145046.jpg 1091,841,3036,1764,1 1617,867,1769,1147,0
VOCdevkit/VOC2007/JPEGImages/IMG_20210226_145048.jpg 988,331,3046,1257,1 1527,351,1714,638,0
VOCdevkit/VOC2007/JPEGImages/IMG_20210226_145049.jpg 440,702,2333,1631,1 953,702,1127,954,0
VOCdevkit/VOC2007/JPEGImages/IMG_20210226_145051.jpg 24,702,1940,1683,1 465,718,624,1047,0
VOCdevkit/VOC2007/JPEGImages/IMG_20210226_145052.jpg 607,638,2578,1602,1 1114,693,1282,1005,0
VOCdevkit/VOC2007/JPEGImages/IMG_20210226_145054.jpg 724,735,2682,1615,1 1217,744,1414,1031,0
VOCdevkit/VOC2007/JPEGImages/IMG_20210226_145055.jpg 595,860,2875,2005,1 1169,964,1343,1218,0
VOCdevkit/VOC2007/JPEGImages/IMG_20210226_145057.jpg 711,941,3156,1983,1 1298,989,1504,1244,0
VOCdevkit/VOC2007/JPEGImages/IMG_20210226_145058.jpg 982,809,3172,1731,1 1591,822,1769,1096,0
VOCdevkit/VOC2007/JPEGImages/IMG_20210226_145059.jpg 1327,986,3536,1809,1 1907,867,2091,1138,0
VOCdevkit/VOC2007/JPEGImages/IMG_20210226_145101.jpg 1127,1009,3478,1983,1 1849,983,2178,1264,0
VOCdevkit/VOC2007/JPEGImages/IMG_20210226_145102.jpg 1420,1035,4000,2015,1 2146,1070,2349,1325,0
VOCdevkit/VOC2007/JPEGImages/IMG_20210226_145104.jpg 1069,612,3404,1715,1 1720,615,1914,912,0
VOCdevkit/VOC2007/JPEGImages/IMG_20210226_145105.jpg 911,338,3146,1286,1 1533,231,1749,505,0
VOCdevkit/VOC2007/JPEGImages/IMG_20210226_145107.jpg 907,951,3282,1815,1 1646,805,1801,1054,0
VOCdevkit/VOC2007/JPEGImages/IMG_20210226_145108.jpg 846,1528,3320,2518,1 1585,1496,1804,1754,0
VOCdevkit/VOC2007/JPEGImages/IMG_20210226_145110.jpg 169,1951,2643,2912,1 956,1751,1149,2070,0
VOCdevkit/VOC2007/JPEGImages/IMG_20210226_145111.jpg 78,1441,2517,2196,1 859,1180,1124,1447,0
VOCdevkit/VOC2007/JPEGImages/IMG_20210226_145119.jpg 391,1080,2627,1864,1 1040,860,1217,1154,0
VOCdevkit/VOC2007/JPEGImages/IMG_20210226_145120.jpg 1,1413,2130,2189,1 556,1215,743,1525,0
VOCdevkit/VOC2007/JPEGImages/IMG_20210226_145122.jpg 972,1502,3169,2309,1 1591,1344,1795,1641,0
VOCdevkit/VOC2007/JPEGImages/IMG_20210226_145123.jpg 1614,1431,3798,2247,1 2227,1296,2398,1551,0
VOCdevkit/VOC2007/JPEGImages/IMG_20210226_145125.jpg 1372,767,3472,1560,1 2030,551,2185,847,0
VOCdevkit/VOC2007/JPEGImages/IMG_20210226_145203.jpg 1420,1112,3130,1622,1 1898,747,2120,1051,0
VOCdevkit/VOC2007/JPEGImages/IMG_20210226_145203_1.jpg 1288,1005,3091,1547,1 1836,712,2001,986,0
VOCdevkit/VOC2007/JPEGImages/IMG_20210226_145204.jpg 1124,1051,2995,1589,1 1707,738,1888,1005,0
VOCdevkit/VOC2007/JPEGImages/IMG_20210226_145204_1.jpg 949,1025,2833,1605,1 1495,722,1740,1012,0
VOCdevkit/VOC2007/JPEGImages/IMG_20210226_145205.jpg 914,976,2814,1615,0 1491,702,1627,1018,0
VOCdevkit/VOC2007/JPEGImages/IMG_20210226_145207.jpg 604,831,2598,1654,1 1149,783,1307,1057,0
VOCdevkit/VOC2007/JPEGImages/IMG_20210226_145208.jpg 217,967,2207,1970,1 585,941,778,1218,0
VOCdevkit/VOC2007/JPEGImages/IMG_20210226_145209.jpg 1,1550,1837,2339,1 415,1296,589,1543,0
VOCdevkit/VOC2007/JPEGImages/IMG_20210226_145211.jpg 1,1451,2089,2113,1 532,1296,628,1465,0
VOCdevkit/VOC2007/JPEGImages/IMG_20210226_145212.jpg 1,1366,1611,2178,1
VOCdevkit/VOC2007/JPEGImages/IMG_20210226_145214.jpg 1,1272,1732,2074,1
VOCdevkit/VOC2007/JPEGImages/IMG_20210226_145217.jpg 937,1507,3000,2143,1 1658,1178,1880,1443,0
VOCdevkit/VOC2007/JPEGImages/IMG_20210226_145217_1.jpg 1024,1386,3000,2161,1 1715,1078,1919,1378,0
VOCdevkit/VOC2007/JPEGImages/IMG_20210226_145218.jpg 1089,1369,3000,2217,1 1728,1130,1989,1500,0
VOCdevkit/VOC2007/JPEGImages/IMG_20210226_145219.jpg 871,1868,3000,2517,1 1637,1430,1867,1756,0
VOCdevkit/VOC2007/JPEGImages/IMG_20210226_145220.jpg 941,1789,3000,2509,1 1641,1487,1828,1774,0
VOCdevkit/VOC2007/JPEGImages/IMG_20210226_145222.jpg 824,1713,2902,2248,1 1458,1365,1663,1609,0
VOCdevkit/VOC2007/JPEGImages/IMG_20210226_145223.jpg 645,1735,2828,2330,1 1293,1365,1476,1639,0
VOCdevkit/VOC2007/JPEGImages/IMG_20210226_145224.jpg 580,1665,2684,2330,1 1124,1339,1367,1591,0
VOCdevkit/VOC2007/JPEGImages/IMG_20210226_145226.jpg 93,1756,2219,2361,1 645,1361,867,1674,0
VOCdevkit/VOC2007/JPEGImages/IMG_20210226_145227.jpg 102,1665,2254,2378,1 641,1413,798,1626,0
VOCdevkit/VOC2007/JPEGImages/IMG_20210226_145244.jpg 576,1617,2593,2322,1 1084,1309,1224,1556,0
VOCdevkit/VOC2007/JPEGImages/IMG_20210226_145245.jpg 545,1522,2650,2278,1 1011,1304,1198,1478,0
VOCdevkit/VOC2007/JPEGImages/IMG_20210226_145245_1.jpg 350,1509,2493,2287,1 902,1269,1058,1500,0
VOCdevkit/VOC2007/JPEGImages/IMG_20210226_145245_2.jpg 224,1422,2354,2291,1
VOCdevkit/VOC2007/JPEGImages/IMG_20210226_145246.jpg 1,1522,2271,2243,1
VOCdevkit/VOC2007/JPEGImages/IMG_20210226_145248.jpg 1,1500,1611,2191,1
VOCdevkit/VOC2007/JPEGImages/IMG_20210226_145249.jpg 19,1887,2211,2587,1
VOCdevkit/VOC2007/JPEGImages/IMG_20210226_145251.jpg 471,1982,2506,2600,1 1037,1600,1228,1822,0
VOCdevkit/VOC2007/JPEGImages/IMG_20210226_145252.jpg 550,2117,2545,2600,1
VOCdevkit/VOC2007/JPEGImages/IMG_20210226_145254.jpg 741,1943,2780,2522,1 1389,1548,1602,1830,0
VOCdevkit/VOC2007/JPEGImages/IMG_20210226_145255.jpg 793,1826,2889,2378,1 1476,1365,1684,1687,0
VOCdevkit/VOC2007/JPEGImages/IMG_20210226_145256.jpg 628,1504,2898,2248,1 1380,1156,1602,1491,0
VOCdevkit/VOC2007/JPEGImages/IMG_20210226_145258.jpg 184,1730,2545,2361,1 980,1317,1189,1635,0
VOCdevkit/VOC2007/JPEGImages/IMG_20210226_145311.jpg 1469,970,3575,1573,1 2049,673,2243,941,0
VOCdevkit/VOC2007/JPEGImages/IMG_20210226_145311_1.jpg 1359,941,3343,1609,1 1930,660,2078,951,0
VOCdevkit/VOC2007/JPEGImages/IMG_20210226_145311_2.jpg 849,1073,2907,1615,1 1443,712,1620,1012,0
VOCdevkit/VOC2007/JPEGImages/IMG_20210226_145312.jpg 662,989,2772,1589,1 1285,644,1446,954,0
VOCdevkit/VOC2007/JPEGImages/IMG_20210226_145312_1.jpg 569,999,2659,1544,1 1182,612,1327,905,0
VOCdevkit/VOC2007/JPEGImages/IMG_20210226_145313.jpg 369,1051,2556,1809,1 965,809,1162,1080,0
VOCdevkit/VOC2007/JPEGImages/IMG_20210226_145315.jpg 491,1225,2707,1847,1 1053,870,1211,1173,0
VOCdevkit/VOC2007/JPEGImages/IMG_20210226_145316.jpg 1130,1193,3420,1805,1 1756,760,1930,1086,0
VOCdevkit/VOC2007/JPEGImages/IMG_20210226_145318.jpg 1191,1176,3375,1857,1 1840,789,2030,1102,0
VOCdevkit/VOC2007/JPEGImages/IMG_20210226_145319.jpg 1149,1325,3227,1847,1 1795,886,2020,1128,0
VOCdevkit/VOC2007/JPEGImages/IMG_20210226_145321.jpg 1269,1015,3453,1596,1 1920,599,2065,857,0
VOCdevkit/VOC2007/JPEGImages/IMG_20210226_145322.jpg 1162,960,3295,1570,1 1788,605,1956,912,0
VOCdevkit/VOC2007/JPEGImages/IMG_20210226_145323.jpg 495,1025,2782,1812,1 1101,773,1285,1060,0
VOCdevkit/VOC2007/JPEGImages/IMG_20210226_145325.jpg 1,1079,1602,2161,1
VOCdevkit/VOC2007/JPEGImages/IMG_20210226_145326.jpg 2,1656,2080,2174,1 424,1269,584,1565,0
VOCdevkit/VOC2007/JPEGImages/IMG_20210226_145327.jpg 1267,1537,3000,2178,1 1993,1191,2180,1478,0
VOCdevkit/VOC2007/JPEGImages/IMG_20210226_145534.jpg 928,1167,3000,2174,3 1689,1287,1906,1426,2
VOCdevkit/VOC2007/JPEGImages/IMG_20210226_145534_1.jpg 928,1097,3000,2143,3 1715,1217,1919,1339,2
VOCdevkit/VOC2007/JPEGImages/IMG_20210226_145535.jpg 971,1090,3000,2196,3 1767,1256,1976,1413,2
VOCdevkit/VOC2007/JPEGImages/IMG_20210226_145535_1.jpg 837,1170,3000,2204,3 1658,1335,1828,1461,2
VOCdevkit/VOC2007/JPEGImages/IMG_20210226_145536.jpg 576,1078,3000,2217,3 1345,1296,1506,1456,2
VOCdevkit/VOC2007/JPEGImages/IMG_20210226_145537.jpg 1,1162,2563,2143,3 737,1256,1032,1426,2
VOCdevkit/VOC2007/JPEGImages/IMG_20210226_145539.jpg 1,1176,2384,2156,3 441,1274,676,1435,2
VOCdevkit/VOC2007/JPEGImages/IMG_20210226_145541.jpg 32,1048,2289,2078,3
VOCdevkit/VOC2007/JPEGImages/IMG_20210226_145542.jpg 1,1005,2141,1996,3
VOCdevkit/VOC2007/JPEGImages/IMG_20210226_145544.jpg 1,841,2289,2256,3
VOCdevkit/VOC2007/JPEGImages/IMG_20210226_145545.jpg 1,870,2024,2009,3
VOCdevkit/VOC2007/JPEGImages/IMG_20210226_145546.jpg 771,1276,2980,2330,3
VOCdevkit/VOC2007/JPEGImages/IMG_20210226_145548.jpg 515,1208,3000,2296,3
VOCdevkit/VOC2007/JPEGImages/IMG_20210226_145549.jpg 67,1273,3000,2352,3
VOCdevkit/VOC2007/JPEGImages/IMG_20210226_145550.jpg 71,1209,2780,2317,3
VOCdevkit/VOC2007/JPEGImages/IMG_20210226_145552.jpg 228,1165,2850,2200,3 1137,1204,1324,1456,2
VOCdevkit/VOC2007/JPEGImages/IMG_20210226_145553.jpg 476,1198,3000,2187,3
VOCdevkit/VOC2007/JPEGImages/IMG_20210226_145557.jpg 1404,673,3998,1641,3
VOCdevkit/VOC2007/JPEGImages/IMG_20210226_145557_1.jpg 1324,702,3949,1641,3
VOCdevkit/VOC2007/JPEGImages/IMG_20210226_145558.jpg 1204,680,3917,1722,3
VOCdevkit/VOC2007/JPEGImages/IMG_20210226_145559.jpg 801,683,3272,1686,3 1478,825,1633,964,2
VOCdevkit/VOC2007/JPEGImages/IMG_20210226_145601.jpg 656,722,3153,1799,3 1291,896,1482,1067,2
VOCdevkit/VOC2007/JPEGImages/IMG_20210226_145602.jpg 704,631,3207,1747,3
VOCdevkit/VOC2007/JPEGImages/IMG_20210226_145602_1.jpg 204,702,2953,1999,3
VOCdevkit/VOC2007/JPEGImages/IMG_20210226_145603.jpg 1,620,3014,1802,3 765,809,988,1022,2
VOCdevkit/VOC2007/JPEGImages/IMG_20210226_145604.jpg 1,492,2678,1715,3
VOCdevkit/VOC2007/JPEGImages/IMG_20210226_145612.jpg 1,1368,2263,2361,3
VOCdevkit/VOC2007/JPEGImages/IMG_20210226_145612_1.jpg 1,1668,2358,2582,3
VOCdevkit/VOC2007/JPEGImages/IMG_20210226_145613.jpg 1,1453,2641,2552,3 637,1626,806,1765,2
VOCdevkit/VOC2007/JPEGImages/IMG_20210226_145613_1.jpg 637,1682,780,1869,2 1,1514,2663,2630,3
VOCdevkit/VOC2007/JPEGImages/IMG_20210226_145614.jpg 50,1252,298,1561,2 1,1105,2411,2509,3
VOCdevkit/VOC2007/JPEGImages/IMG_20210226_145614_1.jpg 1,1244,271,1465,2 1,989,2324,2456,3
VOCdevkit/VOC2007/JPEGImages/IMG_20210226_145615.jpg 6,1135,176,1404,2 1,884,2419,2500,3
VOCdevkit/VOC2007/JPEGImages/IMG_20210226_145616.jpg 19,1326,2476,3100,3 1,1525,189,1756,2
VOCdevkit/VOC2007/JPEGImages/IMG_20210226_145617.jpg 211,1371,3000,2743,3 984,1569,1358,1835,2
VOCdevkit/VOC2007/JPEGImages/IMG_20210226_145619.jpg 337,1209,3000,2661,3 1215,1530,1576,1709,2
VOCdevkit/VOC2007/JPEGImages/IMG_20210226_145622.jpg 1472,901,4000,2173,3 2559,1038,2969,1209,2
VOCdevkit/VOC2007/JPEGImages/IMG_20210226_145623.jpg 1375,846,4000,2080,3 2591,973,2891,1128,2
VOCdevkit/VOC2007/JPEGImages/IMG_20210226_145626.jpg 891,935,3999,2335,3 1962,1167,2240,1318,2
VOCdevkit/VOC2007/JPEGImages/IMG_20210226_145627.jpg 149,728,3330,1941,3 991,873,1311,1035,2
VOCdevkit/VOC2007/JPEGImages/IMG_20210226_145628.jpg 95,657,3288,1925,3 875,822,1188,1038,2
VOCdevkit/VOC2007/JPEGImages/IMG_20210226_145630.jpg 975,766,3959,2070,3
VOCdevkit/VOC2007/JPEGImages/IMG_20210226_145631.jpg 1807,1028,4000,2189,3
VOCdevkit/VOC2007/JPEGImages/IMG_20210226_145633.jpg 1136,1250,4000,2547,3
VOCdevkit/VOC2007/JPEGImages/IMG_20210226_145634.jpg 904,1223,3999,2657,3 2291,1451,2607,1644,2
VOCdevkit/VOC2007/JPEGImages/IMG_20210226_145636.jpg 1130,1047,3985,2202,3 2175,1205,2420,1367,2
VOCdevkit/VOC2007/JPEGImages/IMG_20210226_145637.jpg 1582,855,4000,1893,3 2472,973,2727,1138,2
VOCdevkit/VOC2007/JPEGImages/IMG_20210226_145638.jpg 565,696,3611,1876,3 1340,889,1607,1031,2
VOCdevkit/VOC2007/JPEGImages/IMG_20210226_145640.jpg 46,709,2804,1951,3
VOCdevkit/VOC2007/JPEGImages/IMG_20210226_145642.jpg 102,1174,2884,2448,3
VOCdevkit/VOC2007/JPEGImages/IMG_20210226_145643.jpg 141,1265,2928,2565,3
VOCdevkit/VOC2007/JPEGImages/IMG_20210226_145644.jpg 32,990,2998,2482,3 354,1309,576,1504,2
VOCdevkit/VOC2007/JPEGImages/IMG_20210226_145646.jpg 515,1130,3000,2428,3
VOCdevkit/VOC2007/JPEGImages/IMG_20210226_145647.jpg 45,313,3000,2341,3 893,896,1180,1196,2
VOCdevkit/VOC2007/JPEGImages/IMG_20210226_145648.jpg 15,96,2719,2056,3 15,652,184,982,2
VOCdevkit/VOC2007/JPEGImages/IMG_20210226_145648_1.jpg 15,109,2758,2065,3 19,696,158,1022,2
VOCdevkit/VOC2007/JPEGImages/IMG_20210226_145649.jpg 11,35,2958,2026,3 54,613,267,991,2
VOCdevkit/VOC2007/JPEGImages/IMG_20210226_145650.jpg 171,522,3000,2261,3 606,969,876,1282,3
VOCdevkit/VOC2007/JPEGImages/IMG_20210226_145651.jpg 541,489,3000,2300,3 1463,1017,1702,1317,2
VOCdevkit/VOC2007/JPEGImages/IMG_20210226_145654.jpg 602,1455,3000,2843,3 1784,1717,2032,1926,2
VOCdevkit/VOC2007/JPEGImages/IMG_20210226_145656.jpg 537,1217,2967,2365,3 1437,1435,1641,1587,2
VOCdevkit/VOC2007/JPEGImages/IMG_20210226_145657.jpg 237,1356,2802,2443,3 1080,1504,1258,1630,2
VOCdevkit/VOC2007/JPEGImages/IMG_20210226_145658.jpg 1402,2078,2875,4000,3
VOCdevkit/VOC2007/JPEGImages/IMG_20210226_145659.jpg 1117,644,3775,1602,3
VOCdevkit/VOC2007/JPEGImages/IMG_20210226_145701.jpg 540,802,3146,1941,3
VOCdevkit/VOC2007/JPEGImages/IMG_20210226_145702.jpg 227,651,2853,1770,3
VOCdevkit/VOC2007/JPEGImages/IMG_20210226_145704.jpg 1249,636,3930,1860,3 2095,789,2317,944,2
VOCdevkit/VOC2007/JPEGImages/IMG_20210226_145705.jpg 1898,953,3995,2064,3
VOCdevkit/VOC2007/JPEGImages/IMG_20210226_145707.jpg 1617,773,4000,2096,3 2736,996,2969,1167,2
VOCdevkit/VOC2007/JPEGImages/IMG_20210226_145714.jpg 745,1267,3000,2456,3 1567,1504,1771,1635,2
VOCdevkit/VOC2007/JPEGImages/IMG_20210226_145716.jpg 511,1308,3000,2504,3 1532,1504,1724,1613,2
VOCdevkit/VOC2007/JPEGImages/IMG_20210226_145717.jpg 693,368,3000,2117,3 2084,609,2376,1000,2
VOCdevkit/VOC2007/JPEGImages/IMG_20210226_145719.jpg 289,862,3000,2256,3 1437,1113,1632,1369,2
VOCdevkit/VOC2007/JPEGImages/IMG_20210226_145721.jpg 1,1101,2767,2278,3 898,1291,1124,1456,2
VOCdevkit/VOC2007/JPEGImages/IMG_20210226_145723.jpg 19,909,2641,2109,3 563,1030,767,1200,2
VOCdevkit/VOC2007/JPEGImages/IMG_20210226_145725.jpg 15,1039,2615,2204,3
VOCdevkit/VOC2007/JPEGImages/IMG_20210226_145726.jpg 11,1278,2667,2482,3
VOCdevkit/VOC2007/JPEGImages/IMG_20210226_145728.jpg 63,1052,2893,2526,3 406,1209,654,1448,2
VOCdevkit/VOC2007/JPEGImages/IMG_20210226_145730.jpg 37,1596,2563,2913,3
VOCdevkit/VOC2007/JPEGImages/IMG_20210226_145732.jpg 19,1709,2550,2769,3
VOCdevkit/VOC2007/JPEGImages/IMG_20210226_145733.jpg 145,1448,2937,2704,3
VOCdevkit/VOC2007/JPEGImages/IMG_20210226_145735.jpg 345,1439,3000,2493,3
VOCdevkit/VOC2007/JPEGImages/IMG_20210226_145737.jpg 1054,1587,2941,3922,3
VOCdevkit/VOC2007/JPEGImages/IMG_20210226_145738.jpg 1424,1600,2617,4000,3 2219,2539,2463,2778,2
VOCdevkit/VOC2007/JPEGImages/IMG_20210226_145740.jpg 1765,882,4000,2209,2 2965,1105,3240,1286,2
VOCdevkit/VOC2007/JPEGImages/IMG_20210226_145742.jpg 1791,1154,4000,2154,3 2765,1341,2972,1473,2
VOCdevkit/VOC2007/JPEGImages/IMG_20210226_145743.jpg 1695,871,3924,1954,3 2507,1031,2675,1176,2
VOCdevkit/VOC2007/JPEGImages/IMG_20210226_145745.jpg 875,1099,3378,1973,3
VOCdevkit/VOC2007/JPEGImages/IMG_20210226_145747.jpg 517,1109,2940,2105,3
VOCdevkit/VOC2007/JPEGImages/IMG_20210226_145748.jpg 672,1025,3172,2144,3
VOCdevkit/VOC2007/JPEGImages/IMG_20210226_145750.jpg 1578,544,1791,686,2 782,222,3362,1641,3
VOCdevkit/VOC2007/JPEGImages/IMG_20210226_145752.jpg 946,876,3520,2022,3 1730,1051,1943,1209,2
VOCdevkit/VOC2007/JPEGImages/IMG_20210226_145753.jpg 704,1289,3404,2415,3
VOCdevkit/VOC2007/JPEGImages/IMG_20210226_145755.jpg 1107,802,4000,2163,3 2146,1102,2343,1218,2
VOCdevkit/VOC2007/JPEGImages/IMG_20210226_145757.jpg 1440,386,2612,3000,3 1598,2009,1759,2222,2
VOCdevkit/VOC2007/JPEGImages/IMG_20210226_145759.jpg 311,1213,3000,2400,3 1484,1391,1724,1535,2
VOCdevkit/VOC2007/JPEGImages/IMG_20210226_145801.jpg 293,1491,3000,2726,3
VOCdevkit/VOC2007/JPEGImages/IMG_20210226_145803.jpg 384,1270,3000,2374,3 1415,1422,1663,1561,2
VOCdevkit/VOC2007/JPEGImages/IMG_20210226_145804.jpg 798,586,3000,1882,3 1780,761,2045,1017,2
VOCdevkit/VOC2007/JPEGImages/IMG_20210226_145806.jpg 763,773,3000,2174,3 1871,930,2115,1239,2
VOCdevkit/VOC2007/JPEGImages/IMG_20210226_145808.jpg 1937,904,2232,1235,2 684,664,3000,2335,3
VOCdevkit/VOC2007/JPEGImages/IMG_20210226_145810.jpg 545,982,3000,2561,3 1745,1178,2054,1439,2
VOCdevkit/VOC2007/JPEGImages/IMG_20210226_145812.jpg 1,1022,2967,2552,3 958,1196,1263,1487,2
VOCdevkit/VOC2007/JPEGImages/IMG_20210226_145814.jpg 11,1117,2828,2565,3 367,1278,589,1552,2
VOCdevkit/VOC2007/JPEGImages/IMG_20210226_145816.jpg 1106,1048,2284,3883,3 1989,1809,2098,2052,2
VOCdevkit/VOC2007/JPEGImages/IMG_20210226_145817.jpg 449,605,3127,1751,3 1020,715,1211,896,2
VOCdevkit/VOC2007/JPEGImages/IMG_20210226_145819.jpg 17,493,2707,1818,3 378,651,649,883,2
VOCdevkit/VOC2007/JPEGImages/IMG_20210226_145820.jpg 1,273,2711,1680,3 327,538,614,793,2
VOCdevkit/VOC2007/JPEGImages/IMG_20210226_145822.jpg 646,528,2149,2612,3
VOCdevkit/VOC2007/JPEGImages/IMG_20210226_145824.jpg 289,1317,537,1504,2 15,896,2645,2357,3
VOCdevkit/VOC2007/JPEGImages/IMG_20210226_145826.jpg 528,1,3000,2722,3 1228,1,1532,282,2
VOCdevkit/VOC2007/JPEGImages/IMG_20210226_145828.jpg 2063,174,2332,526,2 1063,1,2607,2982,3
VOCdevkit/VOC2007/JPEGImages/IMG_20210226_145830.jpg 130,509,446,838,2 11,89,3253,1954,3
VOCdevkit/VOC2007/JPEGImages/IMG_20210226_145831.jpg 233,412,485,860,2 59,1,3845,2060,3
VOCdevkit/VOC2007/JPEGImages/IMG_20210226_145833.jpg 1501,560,1788,902,2 417,283,3962,2035,3
VOCdevkit/VOC2007/JPEGImages/IMG_20210226_145835.jpg 2101,473,2395,783,2 962,252,4000,1860,3
VOCdevkit/VOC2007/JPEGImages/IMG_20210226_145837.jpg 2614,889,2943,1157,2 1301,618,4000,2131,3
VOCdevkit/VOC2007/JPEGImages/IMG_20210226_145839.jpg 1636,796,4000,2193,3 2920,983,3272,1289,2
VOCdevkit/VOC2007/JPEGImages/IMG_20210226_145841.jpg 1504,10,4000,1312,3
VOCdevkit/VOC2007/JPEGImages/IMG_20210226_145844.jpg 1506,1400,1741,1713,2 789,1530,3000,2453,3
VOCdevkit/VOC2007/JPEGImages/IMG_20210226_145846.jpg 1528,1135,1776,1430,2 750,1178,2980,2156,3
VOCdevkit/VOC2007/JPEGImages/open1.jpg 591,198,692,350,0 320,304,1355,679,1
VOCdevkit/VOC2007/JPEGImages/open10.jpg 807,260,895,413,0 554,422,1489,729,1
VOCdevkit/VOC2007/JPEGImages/open11.jpg 614,255,712,411,0 354,439,1329,741,1
VOCdevkit/VOC2007/JPEGImages/open12.jpg 612,253,703,405,0 337,421,1346,735,1
VOCdevkit/VOC2007/JPEGImages/open13.jpg 396,230,503,388,0 124,334,1172,748,1
VOCdevkit/VOC2007/JPEGImages/open14.jpg 573,254,653,397,0 333,335,1323,741,1
VOCdevkit/VOC2007/JPEGImages/open15.jpg 498,101,602,229,0 243,251,1256,537,1
VOCdevkit/VOC2007/JPEGImages/open16.jpg 462,483,568,591,0 349,286,1252,742,1
VOCdevkit/VOC2007/JPEGImages/open17.jpg 271,614,396,705,0 405,13,809,883,1
VOCdevkit/VOC2007/JPEGImages/open18.jpg 454,715,604,804,0 436,12,1045,881,1
VOCdevkit/VOC2007/JPEGImages/open19.jpg 372,338,568,438,0 492,15,1038,712,1
VOCdevkit/VOC2007/JPEGImages/open2.jpg 599,196,682,342,0 348,337,1349,668,1
VOCdevkit/VOC2007/JPEGImages/open20.jpg 791,326,883,492,0 476,550,1738,809,1
VOCdevkit/VOC2007/JPEGImages/open21.jpg 294,157,404,325,0 1,288,1349,768,1
VOCdevkit/VOC2007/JPEGImages/open22.jpg 532,435,622,603,0 232,602,1508,858,1
VOCdevkit/VOC2007/JPEGImages/open3.jpg 362,334,1410,653,1 636,177,728,336,0
VOCdevkit/VOC2007/JPEGImages/open4.jpg 455,356,1481,668,1 707,177,820,341,0
VOCdevkit/VOC2007/JPEGImages/open5.jpg 529,360,1569,675,1 808,193,907,349,0
VOCdevkit/VOC2007/JPEGImages/open6.jpg 633,393,1632,689,1 921,194,1022,353,0
VOCdevkit/VOC2007/JPEGImages/open7.jpg 491,420,1484,694,1 842,151,927,335,0
VOCdevkit/VOC2007/JPEGImages/open8.jpg 896,169,957,354,0 486,470,1520,759,1
VOCdevkit/VOC2007/JPEGImages/open9.jpg 831,222,909,397,0 506,444,1461,777,1
